
lr0: 0.00961
lrf: 0.01137
momentum: 0.8413
weight_decay: 0.00057
warmup_epochs: 2.4996
warmup_momentum: 0.68824
warmup_bias_lr: 0.07958
box: 0.05672
cls: 0.50352
cls_pw: 1.2803
obj: 0.97096
obj_pw: 0.77385
iou_t: 0.2
anchor_t: 3.4114
fl_gamma: 0.0
hsv_h: 0.02179
hsv_s: 0.41021
hsv_v: 0.39545
degrees: 0.0
translate: 0.22791
scale: 0.53746
shear: 0.0
perspective: 0.0
flipud: 0.0
fliplr: 0.5
mosaic: 0.89718
mixup: 0.0
copy_paste: 0.0
anchors: 2.3173
